[ 31.]	[ 31.55024719]
[ 31.]	[ 31.11605072]
[ 31.]	[ 30.64986038]
[ 31.125]	[ 32.62656403]
[ 31.125]	[ 30.77060509]
[ 31.125]	[ 30.65735626]
[ 31.125]	[ 31.40362549]
[ 31.125]	[ 31.35323143]
[ 31.125]	[ 31.34367561]
[ 31.125]	[ 32.62002182]
[ 31.]	[ 30.38076782]
[ 31.125]	[ 31.60144234]
[ 31.125]	[ 31.28866005]
[ 31.125]	[ 30.62667847]
[ 31.125]	[ 30.80919838]
[ 31.125]	[ 30.95833206]
[ 31.125]	[ 32.27605057]
[ 31.25]	[ 31.741539]
[ 31.25]	[ 31.98820305]
[ 31.375]	[ 32.09111786]
[ 31.375]	[ 31.0090065]
[ 31.375]	[ 31.41850853]
[ 31.5]	[ 31.19957352]
[ 31.5]	[ 31.06159592]
[ 31.5]	[ 31.68846321]
[ 31.5]	[ 31.53440094]
[ 31.625]	[ 31.72755623]
[ 31.625]	[ 31.63974571]
[ 31.75]	[ 31.80843925]
[ 31.75]	[ 31.06958008]
[ 31.875]	[ 31.90447235]
[ 32.]	[ 32.62656403]
[ 32.]	[ 31.76534843]
[ 32.]	[ 31.67142868]
[ 32.]	[ 32.21246719]
[ 32.]	[ 32.62656403]
[ 32.]	[ 32.1722374]
[ 32.]	[ 31.67255974]
[ 31.875]	[ 32.17469788]
[ 31.75]	[ 31.93363762]
[ 31.75]	[ 32.43229675]
