[ 31.]	[ 30.89739609]
[ 31.]	[ 30.86736679]
[ 31.]	[ 30.95098495]
[ 31.125]	[ 31.06167221]
[ 31.125]	[ 31.05456543]
[ 31.125]	[ 31.0720253]
[ 31.125]	[ 31.05195618]
[ 31.125]	[ 31.05640984]
[ 31.125]	[ 31.05953217]
[ 31.125]	[ 31.06317902]
[ 31.]	[ 30.85713196]
[ 31.125]	[ 31.04791451]
[ 31.125]	[ 31.03571701]
[ 31.125]	[ 31.03783035]
[ 31.125]	[ 31.03140831]
[ 31.125]	[ 31.06264114]
[ 31.125]	[ 31.10274124]
[ 31.25]	[ 31.13177872]
[ 31.25]	[ 31.26067734]
[ 31.375]	[ 31.36011505]
[ 31.375]	[ 31.20636559]
[ 31.375]	[ 31.34187698]
[ 31.5]	[ 31.3749218]
[ 31.5]	[ 31.38059044]
[ 31.5]	[ 31.45284843]
[ 31.5]	[ 31.51900864]
[ 31.625]	[ 31.5703907]
[ 31.625]	[ 31.55701065]
[ 31.75]	[ 31.65606689]
[ 31.75]	[ 31.71046829]
[ 31.875]	[ 31.80643082]
[ 32.]	[ 31.93324661]
[ 32.]	[ 31.93964005]
[ 32.]	[ 31.93333435]
[ 32.]	[ 31.93070793]
[ 32.]	[ 31.93075562]
[ 32.]	[ 31.92024612]
[ 32.]	[ 31.93454552]
[ 31.875]	[ 31.76250076]
[ 31.75]	[ 31.71417999]
[ 31.75]	[ 31.77947426]
